1000 9875
825 964
399 217
38 939
367 853
117 866
688 380
119 308
731 446
475 764
556 835
264 963
873 961
952 432
204 101
209 569
365 182
882 992
77 911
56 812
715 192
109 177
806 25
631 642
169 228
647 971
65 975
85 56
912 524
773 375
454 135
666 567
577 144
53 123
249 199
607 84
311 443
684 345
580 992
322 700
783 473
108 141
644 881
64 107
48 688
19 976
767 483
948 527
71 424
130 410
828 101
975 246
490 492
552 127
218 927
546 854
558 181
546 645
468 475
896 636
219 599
554 676
597 514
107 762
344 728
168 390
595 33
525 374
425 298
381 104
491 744
612 996
423 327
885 424
45 209
234 282
310 223
499 146
782 445
233 962
819 839
234 429
896 184
271 800
717 304
870 278
485 252
40 308
87 24
345 425
567 274
548 884
9 322
797 489
156 407
650 949
829 952
117 838
13 651
694 770
398 511
56 146
648 846
134 469
493 980
739 772
811 499
537 314
122 782
88 658
216 327
329 680
290 958
22 645
282 638
85 107
336 597
957 621
847 987
226 915
874 775
891 943
984 251
42 837
615 540
373 977
467 276
602 729
307 511
903 186
458 113
701 19
294 715
286 843
37 951
188 57
421 685
524 786
463 486
31 802
828 504
81 549
577 696
377 323
136 930
673 382
969 54
432 50
679 947
867 723
945 13
166 184
811 740
7 475
559 606
484 388
84 574
673 273
860 47
988 20
1 6
722 72
315 354
499 193
536 316
55 380
955 306
959 282
137 727
580 205
546 365
656 757
677 981
785 791
510 594
702 632
742 873
302 48
33 503
270 452
186 735
741 47
228 118
423 267
488 411
350 545
5 138
941 942
856 934
503 93
697 58
232 292
601 918
105 551
787 41
312 903
366 318
4 965
136 85
65 209
47 865
857 173
363 468
682 64
283 493
977 516
969 948
695 918
735 197
297 119
526 96
106 641
821 556
114 608
667 474
649 891
444 81
984 70
69 428
755 875
482 783
343 818
515 943
553 96
202 414
576 143
60 16
581 402
32 561
325 84
662 829
460 937
300 918
224 152
98 673
391 254
619 1
819 707
489 228
182 257
975 460
930 73
35 33
1 241
98 899
764 736
858 621
935 547
205 450
547 870
559 995
791 852
177 353
608 203
239 39
497 908
688 115
452 444
626 931
556 58
812 460
371 772
869 13
963 72
780 562
431 614
508 123
269 985
4 756
422 303
595 533
906 232
156 479
907 689
525 834
920 772
134 258
802 312
289 363
290 516
238 182
947 666
414 701
866 470
683 244
488 406
209 621
374 161
857 137
743 351
342 835
866 329
904 118
874 972
397 423
424 475
905 364
563 328
839 15
911 642
516 50
900 401
297 252
284 381
822 838
456 603
793 636
494 971
300 596
541 562
836 678
139 606
359 507
897 558
861 789
568 538
165 782
562 402
216 512
596 85
524 986
729 556
823 334
919 661
97 426
957 516
600 319
379 768
175 571
803 226
931 953
418 860
699 437
737 122
319 396
504 259
214 690
90 580
272 505
58 422
485 840
478 795
872 558
64 635
876 762
806 993
457 540
362 643
73 588
459 724
996 326
742 166
512 493
592 699
423 17
760 641
542 217
859 557
727 71
881 659
298 973
411 742
29 43
92 436
665 547
597 412
7 628
379 27
677 592
270 222
223 154
725 324
212 617
378 337
37 966
557 823
227 44
320 474
568 142
531 100
127 463
933 792
689 661
437 585
596 582
778 567
563 311
912 525
195 923
126 653
967 41
109 833
290 893
97 921
298 400
63 405
477 942
853 435
731 795
796 853
619 794
545 723
508 827
328 433
291 775
398 745
577 290
652 308
680 284
678 480
554 530
353 947
269 290
567 824
114 305
672 952
713 28
515 274
702 912
81 986
408 182
895 567
456 130
440 519
774 412
25 179
104 660
341 713
286 202
508 366
120 350
94 210
863 837
112 962
521 540
258 938
216 780
659 394
346 147
639 535
773 510
354 678
100 390
1000 140
138 167
768 836
988 629
668 635
526 585
708 852
341 781
33 52
234 735
308 122
717 226
21 603
902 828
560 291
246 666
542 471
378 258
341 254
488 350
307 770
952 77
772 344
664 321
332 471
403 597
777 38
618 904
13 620
490 875
768 431
866 414
754 452
501 361
85 106
566 747
274 491
188 357
578 189
925 648
361 879
540 79
2 481
80 565
653 830
781 329
801 523
568 362
143 620
682 286
791 912
408 679
960 404
502 198
239 872
226 357
407 792
563 94
487 78
523 958
28 368
999 243
892 897
131 859
171 934
983 607
311 66
799 628
577 552
73 345
384 284
37 238
684 367
558 432
67 375
799 78
140 761
34 340
931 222
894 664
992 464
765 229
489 442
841 813
146 909
228 381
232 340
341 606
837 697
827 383
966 862
873 237
397 877
220 604
612 334
414 709
17 922
734 825
569 343
328 549
650 254
369 652
302 837
412 157
983 342
752 712
175 287
682 815
260 565
60 655
96 688
9 357
428 663
56 30
60 638
532 476
865 649
596 527
235 657
87 720
532 579
126 268
844 493
772 82
668 3
635 464
151 684
342 518
383 254
625 568
445 263
653 802
895 787
952 933
258 234
724 393
227 723
839 840
518 807
870 550
691 241
378 700
785 148
24 545
913 787
753 326
546 859
254 474
383 306
761 22
560 611
957 767
686 39
853 574
549 469
940 854
27 535
343 369
89 850
145 928
383 528
132 910
41 727
279 693
194 707
320 519
62 822
651 235
413 788
396 966
348 463
977 505
85 652
233 921
324 352
200 302
552 515
648 928
954 923
42 689
561 843
502 559
151 599
558 13
8 752
975 944
544 514
393 58
949 21
864 627
460 70
190 171
566 262
200 667
536 213
739 974
955 797
557 577
662 26
526 944
468 696
325 721
224 114
296 489
4 954
708 578
749 106
756 854
960 655
905 258
249 440
910 45
914 80
26 432
685 246
911 653
400 357
313 792
834 394
952 577
3 17
866 27
740 544
923 913
373 57
231 175
527 962
149 648
847 289
424 137
779 513
47 297
361 722
638 988
467 529
273 420
827 797
149 761
135 826
447 996
512 819
163 437
220 162
700 244
519 592
597 620
68 382
310 471
607 583
175 683
750 993
551 720
917 486
577 897
513 185
1 77
372 426
357 58
180 741
343 123
56 555
632 222
634 820
690 962
938 472
719 637
650 84
464 79
872 348
911 271
824 415
469 725
717 108
367 855
924 906
372 767
730 969
324 398
824 270
626 166
20 275
949 410
885 576
96 888
322 246
768 452
273 794
174 554
934 32
666 898
39 644
207 550
99 105
178 872
658 30
813 834
299 1000
502 145
164 314
383 182
899 169
323 78
459 750
634 208
389 759
726 672
32 924
507 762
821 633
792 902
558 611
841 363
605 450
54 584
308 872
884 655
317 998
908 143
250 443
396 507
608 729
109 644
521 527
477 224
619 915
780 81
641 701
183 50
816 389
944 330
729 696
487 664
805 627
440 921
901 884
150 296
487 745
529 386
680 483
922 416
110 399
721 794
884 242
833 864
150 522
686 424
710 594
180 761
392 283
694 998
306 927
626 1000
474 77
247 336
570 163
739 552
332 242
5 148
996 89
190 144
742 941
587 620
470 96
971 397
794 858
834 927
873 931
730 92
297 425
844 228
575 986
100 884
392 5
47 847
138 617
360 921
911 950
853 648
770 398
682 106
801 296
464 518
253 568
285 744
986 919
94 136
350 22
191 706
37 40
524 558
9 221
563 48
178 110
317 524
166 535
260 600
868 876
771 108
311 191
975 859
225 58
631 630
192 301
357 557
582 30
446 582
149 817
331 690
353 990
118 734
240 397
59 44
728 685
177 409
385 116
223 348
596 794
177 490
988 22
383 972
443 427
335 617
124 748
824 650
751 305
849 329
261 491
779 98
195 107
603 358
560 19
245 781
963 110
157 187
414 794
841 526
473 937
424 790
99 660
485 367
347 322
773 354
646 240
136 130
609 772
790 851
85 299
605 932
345 214
523 549
467 615
673 400
288 114
397 304
824 36
682 78
739 179
302 532
65 64
249 419
269 374
844 494
459 840
49 980
838 724
164 483
925 540
286 360
481 466
227 722
264 424
247 527
639 281
126 420
967 278
878 919
610 113
593 869
173 269
196 690
343 957
239 764
663 110
335 9
359 183
487 450
605 187
537 651
610 339
404 918
205 670
97 509
650 637
687 442
158 812
430 977
125 455
509 104
917 449
439 797
229 377
283 817
893 962
440 704
922 408
485 80
12 416
911 205
193 241
82 284
673 903
985 917
893 36
713 390
953 375
332 852
726 396
859 109
567 340
128 913
55 608
848 506
294 828
78 387
996 130
544 515
837 958
553 859
570 859
219 379
590 286
494 179
835 149
638 554
768 330
271 169
476 941
898 965
907 125
815 556
383 593
18 248
860 663
293 843
757 765
657 983
519 280
744 887
653 611
1000 641
126 663
17 449
661 836
544 775
540 59
647 881
286 999
412 678
739 397
869 818
819 101
783 454
142 506
595 830
737 700
94 916
541 560
749 685
296 949
27 807
946 214
359 74
607 416
128 525
326 928
421 381
576 395
334 431
943 595
842 749
70 421
628 343
950 795
337 266
951 85
307 347
849 503
758 577
230 174
50 512
767 925
864 212
257 506
495 62
25 838
873 394
980 682
250 971
437 241
974 392
133 744
996 320
651 103
517 626
854 733
11 405
506 583
489 659
755 136
223 486
117 879
885 789
9 180
449 301
584 288
74 914
575 941
962 229
835 369
817 686
547 517
824 254
789 576
683 69
223 132
446 445
14 161
569 174
712 315
959 865
677 432
722 775
250 4
723 780
716 233
293 8
463 888
300 971
598 269
675 800
749 89
494 145
260 982
689 716
448 94
875 281
838 431
421 293
406 91
689 605
282 221
430 77
731 387
456 712
330 225
425 563
638 411
412 991
878 830
370 645
810 678
80 919
745 599
124 884
286 415
487 266
491 975
771 785
899 356
878 123
140 832
159 36
698 950
145 990
310 432
77 411
764 699
230 251
15 997
436 590
571 29
514 199
557 34
279 764
86 538
570 479
935 741
63 643
11 211
565 600
620 725
289 981
321 222
501 898
615 466
33 488
363 929
343 143
903 315
935 816
702 466
373 604
155 957
686 651
194 861
980 940
694 918
422 373
81 309
355 682
798 976
405 497
911 147
554 380
812 692
150 951
669 93
137 116
411 885
621 324
927 645
632 695
542 356
247 230
485 701
587 333
983 548
294 925
529 997
145 195
806 56
866 271
189 26
134 645
675 847
895 1000
986 916
532 536
773 850
508 60
173 518
506 241
524 559
818 972
732 650
640 824
92 745
809 151
776 296
960 5
878 875
771 111
849 883
79 898
717 812
162 586
36 119
719 210
666 458
103 137
583 387
116 52
707 651
746 943
853 905
128 868
442 12
427 720
48 139
824 796
896 377
715 873
755 772
662 336
993 911
131 197
819 823
572 581
391 859
87 72
320 347
287 666
940 176
210 405
765 453
747 710
38 615
668 554
529 519
651 828
489 619
237 253
54 477
293 571
702 345
892 63
12 961
677 645
667 167
143 25
42 396
485 576
714 666
21 419
720 7
903 425
835 470
963 685
769 996
214 57
575 280
9 831
798 633
457 711
414 73
524 318
22 535
353 460
62 308
528 1000
813 908
577 93
139 678
801 533
949 775
202 10
117 445
300 627
914 308
853 361
468 201
879 442
250 160
994 145
922 946
639 977
49 262
788 799
951 317
681 457
407 687
598 646
353 374
625 548
59 218
315 52
563 858
624 412
580 511
908 438
859 672
970 715
884 21
480 339
563 632
984 931
400 628
438 476
276 431
372 336
547 44
180 515
219 47
94 969
674 441
541 521
713 389
941 749
356 83
472 624
343 183
327 722
655 927
116 517
574 721
2 230
431 720
548 672
954 763
648 546
915 327
65 912
213 264
640 390
402 969
720 84
441 661
616 5
817 786
268 994
587 644
410 67
60 540
846 679
208 791
249 461
673 435
746 505
493 810
338 749
104 471
341 406
967 70
716 198
338 636
765 783
161 993
143 561
628 877
368 171
407 124
141 268
994 194
960 478
524 759
690 203
140 232
273 265
600 228
47 299
218 903
269 882
115 993
956 249
444 453
67 898
893 530
31 231
268 155
19 13
537 358
903 307
269 364
124 164
546 748
15 787
839 733
313 296
239 497
500 963
230 220
875 777
182 147
591 253
168 573
659 661
327 771
191 935
104 714
945 820
217 336
555 437
591 275
793 328
133 727
7 194
475 617
416 437
307 466
272 809
437 97
938 454
422 767
697 402
546 3
621 573
57 54
212 918
711 588
342 17
548 708
255 976
427 394
826 482
649 363
483 221
321 234
322 69
623 241
551 116
241 19
777 15
949 667
998 895
277 909
562 93
146 38
740 386
800 983
206 139
434 365
247 803
126 688
307 118
142 116
931 331
455 342
938 18
478 13
519 310
27 119
729 81
117 553
472 422
992 685
493 560
95 268
818 809
635 164
605 431
861 965
697 924
537 951
790 323
519 771
847 662
518 850
827 167
500 355
837 438
386 12
280 567
687 174
176 760
33 833
359 105
272 171
273 390
23 822
541 821
895 408
823 175
275 877
974 809
305 256
67 527
33 931
569 849
344 732
736 238
392 798
323 806
413 868
258 647
328 401
859 793
271 703
76 549
423 464
903 74
742 246
728 539
91 32
205 24
121 889
910 909
418 291
204 336
835 78
820 954
358 969
234 587
181 64
657 814
574 745
99 715
638 528
97 902
221 804
493 63
440 53
170 98
423 788
635 890
143 437
221 853
192 581
791 606
519 474
571 944
151 220
312 717
287 514
244 648
260 149
579 625
196 811
549 873
867 138
5 743
355 382
818 890
160 368
273 183
330 32
437 844
515 951
623 830
202 102
738 20
443 880
705 325
227 521
121 14
19 789
429 206
864 337
607 507
499 310
469 814
516 211
405 22
903 379
870 234
597 546
376 154
339 270
656 444
112 692
888 53
963 421
548 201
989 329
224 845
798 369
360 285
488 850
846 201
742 146
138 100
341 603
161 205
287 645
195 466
371 812
744 306
137 292
584 411
252 249
966 869
660 80
823 740
612 329
362 577
66 373
945 606
51 731
834 846
967 942
806 488
65 804
262 638
928 358
69 852
216 440
514 995
15 82
787 45
679 203
207 762
958 6
639 711
584 599
969 815
414 724
97 740
539 461
422 195
193 579
190 895
456 742
514 773
786 30
456 837
18 948
226 947
584 821
415 559
786 433
735 86
293 207
762 976
156 857
294 747
984 505
13 81
514 470
456 690
623 850
611 826
244 817
504 158
305 915
912 133
685 496
376 472
221 112
966 475
344 630
348 902
330 393
260 19
889 158
338 108
107 297
555 797
628 381
305 26
663 334
280 781
903 351
908 439
366 326
784 237
345 809
641 276
932 317
127 651
864 91
73 6
634 573
618 198
244 252
862 965
243 55
480 707
980 656
341 654
840 35
841 718
436 694
77 132
149 279
940 6
389 280
546 141
124 353
289 924
676 536
929 896
65 629
727 191
506 545
916 478
479 790
684 940
127 384
699 539
871 764
660 987
294 50
811 430
761 783
725 285
839 485
82 792
184 353
826 656
611 410
705 961
928 216
947 956
382 739
437 994
574 253
504 621
252 935
992 642
390 839
501 64
193 311
140 282
895 816
877 485
880 87
348 725
679 563
41 235
593 822
408 738
410 48
72 527
434 544
232 821
709 333
981 424
943 685
680 280
828 461
77 165
575 832
779 659
528 401
379 919
783 791
861 51
275 848
537 357
40 331
480 18
633 204
987 581
179 640
572 953
663 338
809 881
336 561
577 533
599 592
28 939
521 778
614 183
101 320
310 244
333 173
775 26
372 437
618 77
121 755
315 447
811 974
121 860
452 412
716 577
589 205
688 226
836 314
656 576
733 686
206 726
299 400
690 679
820 854
821 59
604 957
623 131
208 982
725 735
781 669
917 97
513 747
616 98
691 592
160 24
752 610
436 381
94 369
540 891
208 756
905 210
47 805
947 875
865 694
307 390
388 399
942 562
84 286
325 980
545 728
950 797
610 866
152 842
249 202
948 499
990 105
448 27
614 789
412 571
606 153
424 217
481 24
990 82
109 752
383 401
24 910
832 101
615 810
62 702
157 846
177 144
732 966
61 510
945 139
230 415
162 663
71 709
20 553
537 321
75 654
791 332
831 867
945 228
176 362
233 282
196 426
215 414
624 421
323 809
487 746
272 473
145 877
183 301
980 601
189 689
641 461
436 767
209 435
186 482
573 726
387 841
814 736
530 831
267 815
654 905
768 968
374 224
882 490
366 235
704 666
466 581
362 626
200 361
57 480
793 468
868 824
685 670
264 669
670 114
410 908
566 163
474 251
402 876
764 232
638 529
986 94
401 428
274 178
256 425
204 55
566 577
65 863
899 104
229 964
582 968
52 67
489 943
623 276
624 32
523 570
963 691
782 277
930 536
642 762
165 317
901 137
338 803
804 964
677 338
42 286
303 16
730 492
126 685
966 565
921 721
740 645
638 711
247 951
183 687
790 509
558 905
317 805
37 166
918 273
829 202
27 880
211 143
430 111
782 704
182 540
828 6
761 93
504 242
892 925
197 49
804 495
310 361
59 176
353 979
851 76
177 13
785 462
456 452
896 460
70 483
759 300
279 685
510 373
383 969
538 800
474 901
232 457
177 228
772 853
336 295
375 990
983 159
125 243
146 536
916 84
55 744
270 177
704 742
119 469
180 335
785 923
971 588
758 929
682 521
828 799
543 740
836 370
712 288
398 301
462 948
599 205
485 509
267 646
492 463
165 511
185 273
574 789
361 269
161 264
282 361
248 778
707 261
838 553
198 392
695 892
203 98
955 979
616 201
229 730
236 234
561 751
790 703
563 371
748 845
877 367
178 973
297 139
905 452
549 925
715 493
364 213
792 850
23 42
139 553
397 241
880 187
37 346
973 958
443 927
7 489
536 15
822 921
552 173
884 706
614 479
779 630
905 823
305 995
79 289
719 176
427 528
944 646
888 483
724 841
269 618
242 608
651 158
300 64
673 698
505 902
862 970
521 894
971 911
871 904
609 377
300 358
11 285
932 611
931 151
850 788
445 528
691 808
312 219
111 213
385 529
833 591
190 220
138 891
836 342
379 133
414 900
200 800
989 784
226 528
498 781
480 768
686 816
251 79
214 49
143 127
994 557
351 628
796 283
264 956
691 631
200 788
235 595
472 831
97 930
554 453
886 918
446 279
229 621
130 588
826 657
222 510
705 960
774 1000
85 46
605 679
911 792
278 431
51 99
696 364
861 590
364 170
294 645
903 873
995 792
691 51
395 606
17 224
365 528
900 301
577 424
351 973
83 291
805 528
799 569
946 95
714 195
73 217
308 912
883 920
519 942
784 925
197 120
749 309
36 58
761 21
546 891
272 650
605 156
40 332
837 626
851 4
135 839
762 425
175 710
814 596
771 839
404 804
442 83
908 340
158 783
278 237
768 719
257 78
493 316
828 643
595 248
957 993
923 689
266 148
686 580
845 832
591 364
668 991
940 84
617 993
600 721
613 219
137 274
82 661
968 228
54 377
937 891
241 422
795 217
872 320
682 961
497 141
485 420
588 283
881 359
772 722
593 427
618 526
13 754
655 135
18 328
476 908
356 294
626 388
4 922
702 113
557 818
799 985
468 847
625 68
478 96
170 305
136 481
355 247
140 473
303 127
344 68
861 545
454 249
800 647
386 889
758 427
194 234
355 324
342 578
535 273
61 170
923 51
815 1
606 158
790 321
774 954
887 659
601 318
128 718
201 904
883 676
765 284
918 485
6 739
23 195
16 19
491 819
992 892
151 383
975 144
931 971
219 941
555 983
478 734
245 753
376 128
379 803
198 728
718 304
538 90
689 30
194 660
780 179
177 450
675 95
562 57
600 574
747 433
108 699
275 698
404 30
354 173
831 465
903 68
617 989
837 704
107 943
471 454
399 357
257 372
422 654
877 548
589 240
332 435
817 493
238 228
78 510
467 881
798 983
674 193
455 791
660 924
94 560
366 437
42 407
703 94
941 981
191 266
798 870
267 746
303 274
626 89
221 851
493 974
575 400
712 589
561 706
835 511
857 347
324 888
265 257
479 412
873 705
198 316
32 500
806 63
619 590
467 429
325 951
297 174
210 633
970 143
256 901
783 571
515 953
240 831
170 966
927 51
165 705
461 618
466 448
818 45
763 5
900 539
72 723
140 912
474 582
809 455
45 13
11 901
504 465
45 131
428 13
367 358
918 850
97 326
443 318
651 373
979 864
817 77
890 958
486 368
271 620
237 342
37 842
521 833
876 831
765 933
862 894
594 131
650 310
479 647
777 208
967 757
219 117
479 943
81 116
959 401
673 872
730 875
803 765
660 82
252 600
989 666
252 106
414 937
698 380
857 121
171 148
561 908
407 251
712 432
422 487
344 367
520 338
508 872
856 714
109 226
539 463
988 663
249 423
229 729
711 197
300 355
939 623
809 837
458 189
812 840
505 254
412 350
51 6
749 419
203 323
459 733
443 688
667 65
246 214
799 580
377 37
515 917
554 949
421 762
114 892
226 258
191 960
857 668
417 831
126 315
491 874
398 682
258 9
280 625
664 663
844 829
818 810
633 54
233 320
965 31
569 798
55 11
556 492
68 807
478 662
814 972
687 24
1 203
640 858
764 766
239 188
955 231
632 88
903 127
966 933
525 922
691 82
381 268
1000 186
910 587
694 930
732 273
533 480
440 401
955 562
150 784
265 234
252 398
346 967
9 950
556 854
334 104
722 618
315 832
670 218
251 78
706 560
825 147
935 242
829 619
782 291
696 928
165 355
446 276
491 381
915 495
442 843
960 644
282 944
562 561
394 770
667 160
308 716
498 718
118 47
464 962
283 6
185 409
69 505
493 585
421 444
683 537
28 370
377 80
715 392
74 16
690 198
339 908
507 111
698 717
95 459
978 717
706 636
546 777
231 59
188 863
774 761
25 683
748 298
874 285
365 795
31 224
70 270
628 300
131 662
685 355
467 989
106 11
383 674
991 803
748 263
48 199
139 16
656 390
380 676
328 87
384 217
337 159
853 831
413 665
163 871
590 898
793 220
893 83
286 99
751 373
418 171
497 930
525 430
461 199
686 512
194 962
637 110
363 953
253 357
988 760
972 725
699 887
479 999
160 973
664 461
25 533
951 189
164 688
156 313
319 991
403 400
635 851
946 730
263 644
640 357
518 378
441 694
329 693
866 500
829 736
665 839
407 334
959 877
921 842
406 642
479 456
485 871
952 772
32 802
416 705
553 384
810 497
848 580
62 578
430 486
831 756
205 798
131 71
35 419
491 165
628 610
849 779
500 157
727 878
504 216
983 704
395 859
69 128
491 818
419 81
457 230
296 804
870 882
690 460
965 70
35 129
780 221
226 997
165 576
354 799
927 12
573 498
427 744
245 609
115 141
741 705
300 9
49 242
803 482
110 400
113 604
667 659
634 994
564 765
257 394
286 95
876 875
113 557
992 296
168 826
685 779
906 72
99 849
586 720
950 401
453 839
629 734
741 52
858 240
234 694
367 510
72 114
798 980
105 419
521 232
330 536
422 504
899 775
372 847
285 848
379 61
803 911
204 128
494 663
635 236
651 579
263 889
397 263
489 830
109 253
293 502
683 818
186 774
902 592
869 515
429 758
923 823
169 201
208 609
895 916
537 886
540 127
465 819
946 258
144 776
680 874
19 568
210 521
463 201
822 768
363 45
814 356
727 925
784 855
842 85
273 470
809 292
525 32
710 100
308 516
880 895
867 587
731 152
104 29
822 733
887 837
317 552
640 883
758 995
119 915
232 557
654 734
713 34
674 482
201 278
727 449
438 500
373 778
337 231
708 498
358 319
716 933
845 775
243 205
225 618
101 23
587 848
125 241
969 355
901 646
828 938
464 125
337 897
581 686
910 620
103 734
217 603
720 334
464 12
599 94
103 815
185 422
816 704
750 73
960 923
961 374
384 822
912 798
658 302
644 365
668 379
602 499
949 334
581 747
430 130
977 637
433 543
677 372
130 537
717 627
100 587
711 85
490 619
236 123
718 915
233 681
815 75
965 730
641 828
623 750
149 525
667 64
540 242
805 889
970 51
734 40
900 730
45 829
32 584
404 556
64 473
904 444
359 807
262 543
251 934
666 42
426 823
466 52
949 697
788 633
811 101
558 103
906 716
889 780
393 535
340 604
657 676
179 726
842 442
7 52
963 386
672 853
927 231
215 305
742 575
693 845
578 887
595 847
483 745
210 339
798 336
72 432
256 87
516 989
82 281
124 226
323 1
911 384
824 538
560 52
454 951
176 301
821 435
270 427
253 305
848 511
208 94
371 698
869 391
172 953
907 694
837 953
273 534
293 731
994 952
591 718
527 487
190 173
790 908
209 469
318 241
178 540
217 1
255 542
365 202
332 277
661 734
41 445
248 783
948 366
881 133
934 137
97 630
97 286
692 875
74 398
438 679
442 682
353 349
61 132
959 703
876 15
325 799
677 74
182 696
18 697
884 514
998 287
540 214
463 129
67 872
874 62
149 658
631 644
282 117
661 711
705 644
857 767
736 504
863 344
67 902
740 320
214 744
790 116
874 173
729 678
489 201
144 284
257 211
974 237
166 909
261 763
212 281
764 684
908 342
876 610
297 861
405 188
727 393
15 573
954 103
186 461
349 623
280 10
153 316
278 483
328 822
972 583
812 879
618 475
391 671
702 822
648 740
332 885
959 424
674 72
986 470
54 494
898 640
498 678
406 839
298 948
650 33
707 16
526 628
158 344
74 927
327 323
138 385
498 815
912 983
199 261
568 416
113 221
848 136
722 881
958 504
826 691
8 46
505 787
374 55
840 919
221 640
39 531
118 8
943 73
981 134
86 490
457 314
455 739
118 955
356 868
362 505
18 669
386 921
923 162
926 775
818 948
529 47
841 365
163 377
880 197
3 128
296 918
779 547
942 493
980 160
14 512
823 314
239 563
171 947
118 756
150 445
57 416
774 629
44 338
742 313
444 596
487 662
509 186
805 637
720 807
556 437
873 335
176 937
858 701
340 916
769 132
849 470
267 950
261 608
758 678
122 79
475 980
708 415
379 515
607 839
208 361
888 251
851 497
51 805
547 1000
766 252
713 496
141 839
292 505
78 290
320 962
82 737
343 138
146 578
185 24
95 613
367 768
230 640
337 821
543 269
530 732
930 194
320 736
742 935
907 766
782 510
765 286
184 79
21 612
540 692
356 373
912 819
547 548
610 688
661 564
462 889
602 28
346 734
424 380
815 336
504 714
430 140
166 220
39 678
813 783
498 644
317 64
815 193
930 761
420 863
210 631
725 52
378 961
985 223
307 455
606 233
192 5
834 460
14 706
914 436
477 60
633 830
753 348
200 556
589 923
148 679
274 934
243 895
525 95
430 221
555 932
694 797
614 385
643 797
529 821
768 619
822 722
642 76
845 595
760 149
203 786
597 558
675 492
785 604
680 310
366 569
701 576
44 197
944 507
230 482
177 492
583 528
751 462
456 165
766 131
152 158
383 293
742 7
784 419
968 64
716 934
298 731
704 586
505 40
146 535
320 814
793 796
302 719
498 149
6 442
893 380
622 298
159 744
678 584
971 478
347 344
997 580
741 184
730 907
809 476
532 133
455 214
989 954
441 892
463 763
337 563
53 279
476 886
19 171
505 594
479 109
62 223
797 152
464 725
694 512
114 694
552 405
85 23
182 947
381 908
257 47
363 958
892 504
969 525
424 670
616 490
999 985
14 303
821 677
534 62
886 117
356 828
912 362
606 84
792 964
122 337
692 549
749 596
770 251
888 264
904 621
390 520
852 419
639 101
680 244
382 653
867 614
779 760
46 457
92 415
120 80
528 87
68 144
987 490
110 623
606 656
98 923
417 377
875 691
641 10
141 683
183 391
335 760
980 771
167 359
388 341
668 660
100 502
603 457
475 890
445 926
617 181
450 52
158 381
949 30
830 307
996 31
906 355
344 41
15 13
697 94
233 235
437 347
699 696
798 343
5 103
464 279
651 573
302 731
928 134
132 126
481 564
613 867
652 885
486 483
35 845
389 610
511 880
8 51
800 63
443 687
503 460
327 162
131 335
320 148
377 485
877 336
554 885
147 569
611 124
869 828
11 253
72 676
394 207
382 961
917 954
757 827
591 552
299 140
279 189
482 811
107 90
625 409
165 822
258 120
885 103
465 548
946 45
529 211
14 549
951 284
588 634
330 326
22 112
25 268
718 424
560 518
469 994
951 34
573 492
336 565
135 209
764 685
727 539
350 745
76 687
979 794
486 318
604 117
508 322
860 239
372 433
409 681
106 357
604 228
953 292
720 489
385 336
831 271
176 379
52 334
417 103
807 278
545 355
641 956
215 939
398 377
471 285
631 483
392 306
17 603
453 899
493 86
898 816
423 879
134 486
997 326
363 837
910 327
952 441
441 692
226 674
742 666
680 939
270 81
554 420
826 705
833 251
320 466
17 278
218 433
577 254
523 752
601 240
505 203
69 586
89 388
859 451
951 956
455 333
771 91
693 246
122 68
378 938
456 528
496 273
633 688
745 942
227 643
430 484
947 186
820 805
900 268
919 32
153 897
262 877
101 859
762 135
196 609
287 330
119 255
533 686
1 629
662 770
41 852
741 779
836 529
488 703
947 344
163 686
184 812
376 20
528 497
735 622
202 908
651 509
12 177
453 257
116 77
863 748
561 456
444 708
176 938
379 661
574 785
185 972
646 707
922 427
323 954
776 562
367 45
663 592
595 774
383 299
485 146
841 650
292 758
907 626
569 272
242 24
87 128
881 695
73 882
789 652
403 65
631 455
298 937
422 88
618 734
268 833
693 32
238 135
664 563
167 185
5 46
835 339
531 938
16 220
679 34
370 556
969 202
924 139
303 318
553 695
49 882
406 573
118 331
445 25
528 883
356 596
138 739
144 620
436 460
682 484
320 173
411 6
375 16
535 705
293 214
956 890
500 430
118 21
402 462
459 643
297 316
373 73
625 464
278 180
762 155
301 365
595 377
207 71
858 973
838 175
645 709
614 390
840 479
604 360
767 236
236 612
651 281
358 467
71 826
442 22
263 100
410 552
785 748
914 904
989 324
976 557
634 917
909 643
345 754
950 81
592 605
712 947
2 609
690 562
586 611
224 856
100 467
64 857
983 8
821 349
417 47
21 677
850 703
635 575
470 20
436 108
972 878
812 263
835 190
741 728
346 913
420 696
368 761
664 795
355 965
561 658
85 308
105 558
17 700
860 650
844 7
876 816
248 782
414 449
794 738
471 920
496 236
739 184
613 735
970 460
184 313
728 248
971 831
924 397
139 847
736 769
348 572
331 267
852 863
464 872
340 577
389 703
734 415
679 522
799 712
389 712
296 960
499 763
596 203
931 678
823 460
914 552
735 640
150 30
537 652
519 612
236 584
664 521
186 213
651 261
923 568
50 900
569 908
804 237
219 775
805 564
301 789
770 316
827 437
723 260
872 586
764 616
176 193
450 480
555 591
2 266
171 326
246 798
409 637
604 176
141 910
474 413
517 519
800 517
673 777
727 186
656 601
402 801
124 352
685 738
201 197
142 871
678 629
471 745
590 353
151 751
81 508
648 951
385 823
133 177
62 105
910 283
773 97
186 845
995 209
268 623
891 537
551 428
666 950
691 281
583 991
89 431
307 96
695 973
147 715
131 334
995 911
140 384
454 32
27 30
529 432
508 953
273 370
502 666
338 408
508 808
690 51
183 768
279 301
926 952
162 541
426 902
260 686
963 891
904 417
746 862
786 992
586 231
399 766
793 903
689 246
67 678
598 902
693 742
163 155
940 961
797 584
528 195
698 255
387 477
120 331
764 88
436 663
184 23
595 986
907 502
525 955
68 826
876 913
271 839
591 398
868 769
100 491
398 382
402 773
76 364
403 36
958 790
800 656
911 132
881 283
773 163
830 300
428 704
927 686
773 52
136 191
192 639
997 470
969 878
618 925
169 833
88 815
650 636
126 811
40 946
978 872
32 182
455 332
404 801
296 235
424 416
139 663
766 874
433 438
269 8
786 498
476 460
652 463
100 668
139 740
654 133
41 202
581 448
595 53
179 852
273 495
420 106
408 626
724 56
359 103
129 296
240 757
444 487
482 558
799 319
927 266
854 184
283 786
269 716
73 475
24 689
572 556
136 799
379 807
9 811
475 328
827 31
495 133
542 614
963 463
721 641
647 153
957 769
312 1
659 695
898 465
612 637
777 512
499 156
582 513
91 38
638 35
202 885
354 716
580 98
798 57
11 345
52 443
750 342
626 718
869 76
561 907
636 329
471 288
129 551
170 221
977 219
464 434
686 368
431 662
622 255
75 328
664 475
21 610
557 624
801 198
30 752
218 368
800 922
982 118
285 990
91 531
72 394
556 575
479 408
619 693
412 455
550 165
806 51
387 131
647 801
657 801
530 49
14 422
37 79
368 154
313 782
536 721
353 155
451 11
249 90
321 677
288 554
142 437
628 978
311 262
170 962
680 873
47 376
896 820
616 992
927 799
405 318
705 456
615 837
512 836
639 67
658 574
515 91
762 378
266 999
323 746
750 839
520 562
255 18
282 333
656 434
949 723
72 185
276 131
370 386
259 77
712 873
932 908
435 918
292 565
298 566
888 170
262 165
671 11
216 979
927 157
203 767
177 716
90 807
665 343
673 876
121 799
823 738
220 597
873 172
470 21
534 994
646 232
794 791
997 268
321 315
322 20
51 590
146 326
311 896
367 516
902 785
961 331
670 269
198 626
666 800
498 964
562 977
389 883
962 87
144 570
142 85
164 565
301 331
316 856
317 497
691 316
53 567
130 532
574 203
782 682
887 384
65 457
340 197
485 956
687 161
821 562
713 737
19 488
230 540
909 431
52 608
610 150
478 350
821 724
255 8
349 211
428 527
909 145
624 181
54 520
145 748
737 906
404 559
477 143
957 645
245 403
373 334
453 166
771 193
365 986
84 646
698 902
384 322
870 136
84 757
343 545
568 826
254 189
145 927
520 959
188 911
110 788
505 905
72 36
736 27
936 589
280 49
883 532
599 680
361 202
594 488
578 997
405 903
190 487
580 43
67 120
492 763
272 708
94 835
419 567
848 355
820 168
405 1000
275 206
422 293
155 634
643 657
564 470
802 479
345 280
860 585
134 504
122 618
523 532
86 1
320 674
95 861
385 822
373 603
427 415
873 611
117 628
252 360
713 970
170 142
170 439
635 251
680 632
477 702
904 96
354 171
566 680
329 511
436 389
653 748
768 536
658 66
737 603
386 769
4 336
723 536
500 487
640 840
127 128
23 69
121 95
505 504
272 55
329 170
58 616
311 334
370 774
118 892
410 173
474 792
737 918
700 30
83 4
528 407
269 293
928 990
780 53
980 554
177 72
631 74
804 179
664 614
115 772
819 907
49 150
103 351
305 236
234 154
145 891
185 950
598 113
150 500
962 646
124 701
340 994
785 683
589 485
936 553
646 884
263 316
358 762
380 902
556 302
54 992
385 342
814 569
272 800
720 378
993 682
578 632
655 465
356 126
928 599
485 350
747 647
342 980
595 571
764 194
86 946
488 477
363 731
53 171
57 168
699 617
276 910
226 561
333 747
281 483
748 718
985 260
983 273
464 575
313 391
276 637
762 606
834 35
882 791
441 555
854 145
380 895
420 983
739 243
115 23
85 938
254 896
14 459
592 845
588 980
91 724
97 919
44 890
226 117
501 189
84 139
340 253
195 786
179 185
587 20
435 291
574 274
761 361
401 761
378 795
697 933
131 75
979 271
66 652
287 308
805 183
112 338
743 367
232 791
654 420
461 32
679 819
477 247
361 326
838 208
859 971
754 963
439 191
561 381
237 947
654 710
569 858
785 629
680 349
537 500
77 403
595 42
10 348
346 468
222 167
42 973
349 735
333 250
745 266
660 181
983 768
585 337
641 455
56 609
958 582
480 641
228 871
935 461
839 617
401 747
312 442
793 301
623 913
608 380
20 218
689 597
319 110
546 62
18 391
484 57
941 959
891 380
29 5
51 629
414 961
271 120
929 156
80 227
551 17
702 135
122 789
145 283
602 27
985 401
568 167
786 162
347 652
426 149
808 214
299 545
428 971
585 277
584 945
14 52
736 904
212 902
27 187
874 778
856 273
382 151
838 737
855 690
179 149
531 360
538 383
943 223
620 56
912 937
827 638
919 70
244 804
500 334
583 341
966 103
483 134
805 171
883 647
168 160
728 920
323 604
440 864
644 638
168 335
863 652
105 338
300 891
528 479
145 545
11 744
461 839
137 913
615 42
301 158
103 278
90 659
254 134
758 534
859 717
440 557
862 976
703 596
646 135
802 871
343 69
112 905
367 67
940 25
271 777
722 353
696 264
821 347
254 578
849 98
959 493
318 511
530 575
802 440
716 278
399 26
60 786
177 421
337 679
268 871
177 830
570 831
809 541
241 835
445 857
705 973
531 968
324 970
825 235
899 556
204 160
721 330
99 458
742 672
940 861
808 594
330 794
728 393
711 192
841 989
381 905
184 315
350 814
478 61
598 210
700 678
459 720
244 538
890 20
140 453
567 694
991 249
17 254
667 68
745 868
175 357
503 696
701 957
620 978
383 343
369 893
315 223
725 895
211 30
304 332
371 113
126 143
58 695
595 388
906 633
505 686
400 846
241 880
866 689
418 156
998 82
871 160
740 353
475 179
22 292
794 261
900 79
736 28
574 34
595 851
941 451
944 105
907 127
842 664
132 662
974 437
9 421
889 739
195 78
552 525
38 552
618 370
176 289
857 110
574 729
461 256
669 251
262 819
836 348
768 212
753 426
219 370
475 748
169 585
132 347
292 414
731 479
255 949
498 918
483 543
583 699
806 158
152 599
293 589
322 283
273 965
905 264
745 155
877 329
496 409
903 982
424 116
852 782
982 694
354 231
896 991
435 375
109 628
956 824
274 715
404 750
263 383
471 477
784 772
642 382
496 726
463 50
984 331
268 60
382 166
607 427
663 389
193 731
378 585
144 385
515 146
336 921
287 6
988 177
914 812
24 710
280 880
120 111
873 343
949 522
698 778
793 54
150 501
390 420
908 289
914 974
76 569
367 10
115 37
371 975
349 823
51 973
620 746
295 238
409 607
945 701
105 168
915 997
688 153
66 261
301 682
513 962
218 120
309 175
354 520
7 984
986 460
342 41
881 281
77 788
635 854
806 299
94 489
699 729
95 944
147 178
631 258
316 914
338 822
280 551
502 973
229 61
531 113
201 630
40 948
493 774
813 807
706 409
874 791
123 265
964 833
35 763
625 207
199 948
950 788
57 619
187 532
597 97
669 692
943 85
726 847
175 63
457 318
83 340
999 994
356 864
840 889
906 342
571 763
334 583
391 388
971 481
527 552
732 558
415 258
285 187
870 996
706 605
770 190
940 754
836 931
770 81
965 210
180 830
163 40
883 377
186 139
685 211
279 646
304 114
551 95
82 251
730 639
927 187
128 191
388 609
922 473
392 612
409 650
139 320
121 656
430 752
825 786
163 919
937 968
699 825
718 71
591 511
560 97
464 150
485 224
55 562
800 591
18 388
769 324
368 577
167 37
578 716
716 322
809 544
366 447
367 994
544 691
545 110
234 853
753 195
561 367
942 887
473 164
735 324
791 598
531 141
308 274
776 692
458 131
978 842
316 805
925 669
654 69
202 140
679 402
352 625
792 718
708 601
383 92
956 996
95 360
392 878
728 123
276 286
321 817
115 643
45 724
219 737
923 307
600 164
193 530
857 571
126 144
589 872
36 120
392 964
135 884
905 877
780 111
249 811
927 25
354 157
232 530
323 893
451 304
859 607
107 626
185 636
718 278
847 182
393 591
598 972
233 136
125 426
695 98
453 627
609 485
985 360
280 983
798 377
894 454
661 47
224 820
196 698
565 643
823 847
158 900
538 717
924 550
245 787
621 620
969 627
610 788
185 56
908 608
918 656
436 111
458 739
204 451
23 719
705 546
725 559
63 392
66 508
612 583
535 802
958 191
392 92
854 508
292 672
552 660
757 751
130 370
852 533
808 595
311 672
331 46
539 453
333 916
464 589
319 577
288 251
770 691
558 722
887 386
17 108
390 12
992 766
420 895
666 627
830 806
356 681
605 638
587 223
606 201
273 139
718 775
244 906
245 127
743 464
600 98
619 846
156 704
574 442
680 878
945 670
800 467
75 609
224 293
261 992
387 701
101 737
600 128
230 463
69 67
898 83
758 849
703 772
304 975
315 444
814 982
764 645
149 528
549 427
453 454
167 728
684 326
505 911
234 311
608 341
881 816
163 881
278 561
707 908
690 578
987 140
237 549
411 611
204 698
746 317
251 649
380 979
876 936
392 395
266 428
459 341
902 209
237 216
730 808
593 64
385 667
12 863
411 647
742 965
108 587
933 566
147 897
920 923
7 661
471 853
448 319
609 637
692 82
985 456
325 599
738 229
271 337
446 171
811 324
317 19
869 582
130 758
868 386
464 733
943 432
356 766
14 412
930 829
994 926
662 536
511 82
683 543
596 276
545 594
148 773
3 26
900 276
32 505
188 6
525 129
72 951
896 847
126 462
219 696
218 797
257 923
667 208
705 261
687 157
690 83
70 241
788 964
843 418
790 158
222 972
832 896
26 123
245 373
193 730
235 323
34 655
248 54
945 240
714 319
280 881
923 537
231 129
954 241
975 293
803 460
567 127
626 537
979 655
410 670
250 977
90 874
136 59
147 481
319 231
803 298
417 123
733 565
994 887
530 495
719 582
686 58
372 595
925 195
690 840
17 974
345 457
319 965
642 662
648 967
340 754
995 272
885 908
100 244
263 642
870 200
450 903
487 381
734 911
682 234
740 36
597 413
890 393
194 384
948 41
330 674
8 68
227 88
299 711
618 811
127 499
900 91
352 698
838 763
792 755
207 472
958 288
569 886
892 572
783 447
182 750
894 119
672 264
446 999
50 436
714 159
758 76
13 401
225 43
601 840
163 461
992 883
995 616
883 313
819 662
700 147
62 896
134 270
785 619
701 567
304 776
284 877
747 281
380 710
608 929
300 7
730 636
695 142
698 158
936 519
96 356
924 684
964 189
868 849
617 87
465 226
798 60
807 310
789 807
116 525
744 366
46 816
219 268
863 623
864 583
648 532
941 957
66 409
273 706
180 401
745 747
136 215
9 47
377 613
950 548
298 183
545 222
70 595
108 290
863 402
320 306
512 315
182 936
95 181
999 547
268 641
584 770
624 863
456 929
199 923
365 431
867 181
10 984
269 189
196 931
88 44
933 2
862 120
334 561
938 726
236 307
365 721
738 45
593 886
541 718
374 673
967 698
628 588
416 767
562 78
746 755
841 157
160 576
791 251
135 887
463 252
175 534
306 483
84 732
488 957
686 838
417 487
491 562
337 328
357 133
653 472
83 383
486 363
459 508
346 438
54 111
611 413
189 972
561 121
524 331
673 519
858 525
293 894
759 991
554 995
161 183
589 316
320 803
390 143
780 734
824 499
162 230
471 336
973 46
741 82
172 979
673 210
67 191
583 576
214 45
986 58
682 787
242 282
795 592
194 89
639 889
341 166
87 390
218 339
995 185
833 310
237 794
768 391
826 645
866 438
739 188
78 878
869 545
541 701
861 753
577 186
703 430
887 413
515 764
553 433
23 461
169 847
981 185
677 80
574 652
239 803
496 349
995 885
230 738
620 30
912 367
677 33
462 810
994 167
23 147
761 144
814 138
466 268
314 825
841 296
495 902
921 320
633 78
338 210
836 597
339 215
571 256
19 937
993 86
975 34
427 520
779 767
931 904
21 144
940 842
776 699
106 104
202 583
451 484
918 881
810 902
371 68
871 819
853 804
15 551
567 26
770 312
553 478
90 919
368 749
228 757
704 683
134 66
584 81
987 60
880 891
461 643
693 322
911 319
54 260
663 890
851 650
414 294
998 623
765 336
582 878
640 481
967 820
842 971
494 190
207 899
228 494
214 73
532 166
312 961
4 799
26 883
887 210
1000 352
462 887
133 206
393 401
195 541
770 741
184 362
541 370
389 997
212 312
386 711
705 73
777 324
528 974
134 432
970 383
644 275
852 895
47 479
967 350
313 917
499 554
249 23
726 515
912 331
109 515
349 52
425 732
230 281
567 954
438 842
831 993
689 776
136 920
608 911
72 790
419 11
990 438
560 571
724 774
373 464
727 673
712 710
180 804
304 945
721 520
867 790
907 191
768 711
819 924
139 791
736 916
82 356
245 936
410 671
180 745
271 722
73 639
276 196
522 316
176 368
307 742
834 298
833 932
345 456
788 206
789 883
702 396
152 360
937 556
851 678
263 620
892 10
87 360
327 313
272 961
518 482
521 350
891 194
734 908
860 735
905 72
190 962
963 734
782 262
565 190
288 70
199 144
332 311
208 749
948 217
305 636
697 351
679 283
467 409
583 959
736 862
535 696
991 426
724 753
43 586
153 605
191 883
355 477
283 360
50 437
253 666
749 757
491 13
888 615
939 805
500 373
909 69
896 812
560 64
188 154
475 925
373 146
323 613
839 917
989 40
365 782
426 870
939 963
120 943
463 385
359 240
516 607
41 633
465 293
12 174
814 783
139 53
456 143
755 821
665 93
439 862
261 618
34 180
695 137
438 402
464 249
428 348
103 546
840 100
589 279
148 35
979 866
887 668
517 603
848 302
497 208
573 973
54 460
368 579
664 432
276 830
688 278
63 406
802 258
752 729
234 704
714 242
40 741
219 317
828 935
811 80
425 301
298 37
192 544
981 864
428 672
857 306
758 182
848 219
797 142
545 221
35 955
368 432
386 563
485 819
472 110
537 574
476 254
335 362
445 502
775 524
141 29
202 29
791 935
633 855
889 317
264 440
801 759
737 753
790 357
79 998
596 188
625 420
516 285
330 264
22 66
705 460
447 979
606 924
757 16
760 300
686 20
64 355
549 292
291 12
420 360
149 950
261 684
297 739
835 929
580 398
447 689
34 502
417 486
961 548
917 433
352 419
667 598
928 982
174 458
107 613
816 187
637 461
17 758
822 97
695 237
555 614
438 382
707 803
381 352
204 287
115 396
180 336
552 931
683 331
371 679
356 49
375 494
357 344
820 864
877 657
470 41
682 897
395 244
226 517
833 491
545 415
233 603
91 853
584 754
108 752
274 30
866 452
648 879
591 785
465 828
659 113
436 318
365 368
666 863
99 92
484 514
359 662
507 995
36 587
267 27
807 750
387 227
28 247
503 407
145 53
130 643
645 352
264 453
726 885
461 774
383 114
19 605
331 415
245 125
448 768
835 940
639 146
827 780
535 55
373 330
999 10
585 210
128 573
476 69
119 991
10 561
28 810
68 271
665 873
857 210
367 285
149 970
525 351
379 739
70 452
533 820
456 120
590 831
154 995
529 565
698 228
968 98
203 671
55 342
572 636
521 758
647 114
618 494
151 864
439 676
99 559
450 734
746 330
952 325
648 606
367 838
578 643
100 67
121 936
547 644
380 179
272 998
76 212
445 777
325 957
531 888
634 951
599 683
385 778
626 554
501 530
835 746
138 578
199 916
416 96
769 940
60 535
351 112
691 751
38 122
683 883
830 230
853 79
272 694
956 840
633 557
298 430
245 160
619 927
819 113
948 395
198 30
736 657
900 278
44 688
798 382
339 788
465 542
235 180
855 498
757 39
150 63
903 407
300 872
357 617
233 411
456 438
535 200
690 435
474 411
361 919
2 913
480 411
188 580
229 304
68 242
819 602
842 473
606 630
337 151
980 591
452 224
992 405
958 686
390 42
854 527
690 612
693 387
823 768
972 638
846 163
550 264
581 734
547 834
470 887
329 148
453 875
831 154
590 147
765 386
881 653
886 702
497 959
622 228
916 363
378 355
587 349
824 121
218 264
792 471
516 306
540 845
268 520
341 462
108 335
715 241
458 362
777 278
394 814
397 509
771 304
165 97
403 596
226 113
446 538
365 602
772 174
702 344
504 770
529 407
452 610
777 871
53 781
383 10
611 239
903 725
282 33
637 883
175 286
118 697
309 776
365 892
597 817
267 268
433 228
913 786
914 621
222 942
280 689
312 117
689 811
399 680
201 145
439 187
866 645
64 695
28 786
103 238
909 951
841 961
291 480
755 647
77 399
650 569
917 733
686 219
229 340
357 879
853 874
693 709
16 953
992 450
849 463
461 897
68 101
715 588
242 816
258 525
225 582
710 591
513 1
633 70
939 886
927 986
87 41
769 296
723 73
627 12
294 461
693 185
507 410
808 973
534 987
422 353
66 407
599 35
659 374
734 990
347 482
664 288
683 12
298 34
246 660
483 226
330 659
937 393
531 434
152 611
796 340
246 263
137 241
265 260
531 33
297 737
626 304
735 214
539 363
759 204
328 228
270 683
675 891
985 183
568 393
129 501
683 968
577 77
852 833
451 872
16 315
783 413
623 722
826 944
894 886
407 953
174 924
966 200
413 986
611 779
995 680
178 498
487 124
144 46
878 887
257 961
757 304
609 544
903 479
690 488
729 630
464 595
382 76
384 379
849 521
10 493
14 769
237 359
182 167
720 762
737 188
248 667
594 110
101 142
138 408
487 913
825 706
254 868
883 116
116 845
669 497
32 365
752 905
289 909
329 187
828 930
522 245
870 301
48 372
945 762
788 16
475 62
206 741
778 42
246 577
981 658
817 657
692 347
911 251
532 140
475 565
614 15
449 402
86 105
142 943
548 918
838 551
234 967
865 231
950 945
167 441
789 102
778 622
912 564
235 655
355 310
728 316
766 852
13 868
951 994
991 493
773 698
634 170
155 255
49 592
529 462
624 972
770 976
676 707
131 118
294 742
495 416
62 514
191 742
857 890
217 475
458 992
918 459
667 201
46 246
239 101
552 151
41 166
817 616
317 545
709 495
529 889
362 218
642 440
715 594
760 820
681 326
22 478
957 753
813 8
483 819
92 570
175 677
235 390
328 36
358 457
917 967
172 109
746 6
162 439
182 50
732 78
742 218
634 947
693 430
819 799
859 858
107 977
552 610
203 670
100 366
836 442
307 652
125 173
822 253
804 290
147 311
459 505
264 761
11 356
270 435
807 248
310 944
539 870
756 736
479 795
225 872
191 151
747 815
159 558
935 20
95 715
428 730
857 504
450 958
986 28
94 497
755 473
539 644
955 811
905 82
829 723
929 805
17 291
919 454
596 561
65 63
951 849
237 281
408 975
122 43
87 891
729 392
41 71
153 573
305 714
363 92
324 638
541 515
619 815
879 785
364 322
495 536
850 505
79 985
279 299
175 490
566 336
362 175
624 214
109 658
36 179
898 50
810 838
728 667
372 107
615 25
253 824
926 114
148 324
131 558
82 64
304 360
448 698
894 35
748 729
244 232
571 12
918 787
208 502
851 364
154 964
86 523
214 572
965 284
320 247
676 833
816 691
258 444
590 907
521 640
297 980
817 285
343 9
627 130
100 258
864 650
823 688
648 748
707 139
964 378
177 920
307 537
76 993
341 163
62 25
33 57
640 463
273 746
971 415
366 423
739 907
167 146
460 152
669 76
781 658
428 702
893 430
307 823
661 536
419 901
851 902
959 816
126 962
159 975
588 243
561 705
900 183
114 358
1000 347
708 660
405 44
877 11
329 525
921 849
977 701
411 51
363 282
142 122
130 729
832 291
562 756
579 558
356 669
238 665
222 226
494 775
540 131
482 855
965 666
417 924
183 717
75 972
793 553
875 165
732 554
623 927
240 668
594 583
465 633
982 778
396 489
563 488
151 369
317 617
357 908
818 142
838 213
841 119
456 467
755 537
865 105
701 707
595 64
776 742
690 340
874 137
875 848
382 416
29 513
922 259
119 823
284 872
513 358
306 732
577 895
300 2
582 488
31 370
110 409
257 465
993 881
243 606
584 28
215 102
915 916
275 309
613 526
845 863
704 661
15 319
732 291
663 847
189 760
261 155
815 804
561 909
273 581
57 94
366 464
845 890
526 600
911 230
933 634
204 42
316 620
389 136
536 795
935 173
665 953
868 144
982 392
398 233
666 889
919 409
316 946
339 531
268 557
674 552
517 430
95 182
481 742
250 976
196 799
839 55
752 359
398 779
166 323
937 59
369 937
911 715
292 409
511 23
598 405
452 583
913 75
1 569
454 509
365 718
222 873
925 812
605 312
921 361
990 75
597 724
586 71
70 316
93 117
754 913
98 685
582 155
110 310
555 813
883 424
150 343
903 367
944 356
266 880
875 828
624 508
550 980
422 887
774 472
106 222
116 168
428 28
978 562
111 887
334 146
195 200
909 700
548 332
608 63
111 996
142 438
10 46
447 119
432 916
695 397
391 406
249 393
833 632
190 303
997 165
601 310
837 972
968 949
897 495
800 734
285 154
824 212
419 972
683 107
80 196
905 53
815 542
236 367
855 809
697 443
75 507
928 225
934 11
847 798
54 553
173 699
455 381
320 192
503 804
504 605
285 734
666 639
683 567
49 340
575 163
197 343
472 362
701 71
466 376
28 407
507 106
183 821
899 124
799 479
191 970
401 441
801 770
107 7
858 936
32 688
452 857
272 239
261 893
119 985
175 567
16 228
625 672
702 968
421 851
906 757
319 408
926 752
379 741
96 154
551 733
944 415
529 555
720 630
896 634
660 282
522 263
885 737
42 672
868 788
445 549
488 88
108 929
640 351
255 850
280 324
778 463
584 306
512 63
622 206
683 454
243 639
461 396
627 673
483 172
522 521
260 428
48 974
56 457
8 409
238 817
352 864
226 777
999 646
726 90
928 13
41 297
347 715
369 791
631 91
988 135
284 216
235 874
152 890
781 30
411 199
680 668
138 347
221 292
690 284
942 764
890 53
939 359
490 711
951 630
500 284
266 756
672 186
115 639
436 612
154 1
27 821
283 687
698 578
326 771
222 816
918 71
900 566
850 393
656 210
14 988
737 522
457 833
700 139
993 119
657 443
615 24
528 28
125 268
602 400
223 899
439 198
232 622
728 627
523 734
224 914
206 102
443 368
814 865
140 688
200 932
736 61
510 440
585 387
948 847
979 659
907 414
381 181
402 602
668 833
564 658
360 464
52 430
931 485
721 969
529 526
156 412
341 904
802 394
768 6
255 886
337 849
229 835
527 300
96 664
479 143
12 958
56 118
699 732
479 28
118 500
70 619
967 251
734 514
293 472
847 801
114 359
672 191
905 437
382 696
933 776
476 677
117 693
762 826
246 475
672 46
812 377
658 17
850 927
732 18
249 214
468 48
839 227
342 601
625 339
681 193
757 886
938 688
689 766
728 100
106 600
288 517
142 416
53 779
990 228
5 936
961 994
874 581
438 954
342 633
442 425
975 193
600 205
89 584
192 335
158 692
268 172
811 776
851 719
996 726
337 471
44 743
140 309
628 441
537 980
386 466
315 504
618 243
376 250
470 130
474 651
182 72
225 491
210 129
485 281
111 963
516 783
855 448
162 111
471 475
733 996
703 796
392 504
101 74
543 359
966 874
919 980
318 453
210 921
985 584
677 770
716 744
781 934
940 480
502 657
85 439
132 280
622 113
368 292
22 143
498 703
43 892
373 541
742 702
551 828
17 345
866 430
612 158
939 326
43 653
982 504
485 816
136 542
456 854
471 893
311 712
5 345
815 200
801 426
711 107
625 238
511 897
919 382
166 962
233 676
541 424
412 687
710 289
17 20
311 494
717 679
539 139
776 327
210 767
339 993
250 268
487 233
408 550
904 747
905 694
896 779
469 735
897 614
39 34
371 417
465 612
11 720
748 289
453 203
515 64
684 569
553 72
743 30
102 226
641 746
126 228
519 649
371 255
465 262
447 690
33 602
750 825
219 819
276 298
955 393
741 666
54 750
374 865
949 589
219 160
880 678
315 373
651 255
814 665
358 309
551 542
38 695
349 942
261 476
158 473
713 411
695 287
43 156
669 352
7 889
11 378
547 796
638 308
577 614
147 138
811 147
243 501
9 365
566 240
90 64
881 331
110 7
26 1000
748 329
66 505
432 755
165 483
517 862
220 882
659 829
490 812
987 579
899 530
439 149
624 391
332 491
961 509
355 90
891 124
375 391
269 278
416 950
959 943
175 968
764 341
657 885
606 400
271 489
402 264
4 212
478 39
619 551
766 858
947 988
491 424
32 29
316 181
120 558
652 575
763 782
496 213
151 101
531 507
739 380
44 606
995 710
338 319
563 906
235 205
509 422
92 370
164 71
844 929
760 476
649 725
675 341
178 359
452 858
322 369
681 324
153 99
136 847
477 426
979 920
85 969
763 902
435 842
276 462
64 608
836 134
361 34
237 655
163 884
680 426
349 513
578 845
975 765
803 420
219 61
10 700
184 311
686 499
971 663
627 89
739 691
152 481
635 610
742 826
836 459
656 593
984 249
563 380
635 979
731 420
368 654
3 650
595 661
155 736
891 198
19 81
475 531
354 320
900 221
840 464
596 716
145 60
619 741
123 498
291 734
799 894
530 225
288 284
491 263
111 601
757 992
796 188
778 915
691 398
286 982
359 260
218 708
438 700
957 111
942 765
286 865
472 327
190 604
532 853
457 405
168 64
887 643
502 423
588 858
932 130
952 704
704 33
779 561
128 621
148 608
499 332
748 361
676 30
658 513
275 863
921 209
834 576
743 38
374 911
270 934
417 562
948 970
451 5
846 277
598 391
999 265
512 545
859 666
171 487
497 637
578 830
524 184
284 949
977 324
698 118
310 880
37 920
959 333
7 816
638 772
551 951
669 296
177 926
328 542
424 989
759 673
81 314
501 721
590 230
51 542
398 497
270 386
402 908
755 262
631 363
78 537
835 382
321 602
512 139
939 204
688 588
549 517
803 237
238 978
666 867
441 556
761 679
445 12
908 740
877 9
188 338
26 629
692 548
175 84
178 792
948 340
472 5
332 228
853 465
654 226
160 354
17 47
201 858
30 258
459 670
9 579
943 192
892 680
877 444
956 77
846 959
163 469
524 649
482 964
504 884
236 645
14 671
336 861
776 394
917 711
171 941
83 41
777 694
789 404
610 298
900 954
25 96
139 216
750 802
490 252
309 600
457 973
119 817
391 70
295 426
614 76
872 635
708 385
670 279
611 541
924 681
814 749
414 159
642 930
826 199
521 563
165 528
640 143
116 522
464 27
643 681
67 198
752 846
536 127
185 407
61 572
78 458
730 957
471 681
406 1000
227 157
355 976
393 243
178 587
506 332
488 335
481 538
479 115
338 901
707 276
517 27
96 819
389 936
598 94
382 725
960 711
49 984
70 886
153 586
762 974
212 483
515 788
74 460
809 119
421 377
815 41
1000 998
144 146
571 541
757 250
518 808
836 874
429 175
16 476
429 192
378 536
822 569
179 553
515 67
311 60
97 112
150 250
324 185
983 928
457 792
884 913
940 867
106 404
658 728
788 735
362 826
348 214
496 833
318 938
409 846
581 992
87 874
966 538
236 791
55 473
519 430
23 703
262 157
335 633
506 829
175 992
859 883
881 927
972 562
55 334
24 34
159 444
133 785
371 826
157 139
896 5
73 900
640 574
76 349
556 983
635 566
929 67
553 879
290 891
65 901
928 874
702 219
344 379
345 38
660 811
737 529
826 543
958 48
959 857
905 398
69 727
621 426
5 299
134 705
943 309
29 437
947 942
216 164
718 925
313 674
795 226
759 173
339 670
156 824
383 892
514 646
507 596
386 821
938 742
122 389
749 296
52 616
515 880
681 24
365 233
941 986
425 858
526 400
605 489
273 286
75 918
370 794
248 322
637 824
305 909
425 785
404 567
331 753
280 637
653 132
840 405
948 446
823 372
477 903
63 675
348 304
927 458
658 685
510 160
461 868
408 336
654 641
751 391
606 670
586 674
885 461
262 238
634 591
193 899
215 202
676 808
471 188
326 737
849 276
358 608
586 573
551 573
419 430
37 995
519 35
543 425
966 800
683 282
691 823
985 534
507 470
90 178
347 257
868 997
261 209
659 322
643 969
915 172
848 121
995 506
158 310
432 656
843 702
593 459
316 534
483 63
506 388
15 132
940 295
298 136
407 318
394 679
542 119
108 359
181 733
190 773
429 563
450 718
658 43
133 491
155 47
127 315
936 296
408 833
448 66
253 753
648 331
895 183
254 261
679 694
814 171
232 803
855 979
948 693
164 100
37 498
481 915
939 986
581 245
124 864
718 438
175 725
70 405
43 899
864 390
349 322
284 775
915 671
770 358
704 494
337 139
86 526
875 663
440 774
718 195
78 162
742 197
870 398
154 239
30 193
972 634
936 672
447 550
775 153
465 248
485 245
17 823
367 241
958 908
17 960
255 880
367 870
741 149
212 933
639 990
711 573
821 13
473 439
840 494
835 353
251 102
841 50
4 987
574 990
742 656
530 288
397 279
458 263
743 850
800 998
359 581
565 298
225 463
147 641
442 883
147 465
65 24
212 345
35 736
572 457
111 735
204 965
692 850
550 400
878 637
754 567
387 76
904 866
526 473
527 896
567 759
244 968
175 282
14 668
823 414
112 330
747 96
196 762
325 26
129 295
813 373
826 671
728 819
432 464
303 567
767 242
969 15
883 465
261 691
27 561
945 22
771 942
703 375
850 141
172 417
750 935
140 711
409 815
685 93
615 284
189 914
177 334
141 747
751 300
863 806
917 122
59 878
798 151
231 612
834 223
417 168
556 93
471 185
11 336
214 313
195 225
508 94
626 793
578 596
389 467
694 870
403 908
189 614
319 999
86 982
364 652
700 854
310 750
503 251
730 45
235 633
185 368
424 728
9 930
67 468
907 969
468 769
803 776
510 304
326 945
812 970
687 686
748 968
490 1000
119 378
201 539
296 289
170 262
729 13
109 787
528 523
435 263
662 730
61 193
45 700
49 697
502 381
322 751
222 876
957 263
316 497
637 787
49 266
766 617
144 34
808 73
183 835
956 193
649 703
814 227
282 432
514 231
664 648
684 571
6 587
135 877
235 257
242 543
799 625
262 368
893 860
144 351
828 745
791 471
614 158
233 113
769 253
110 457
127 533
664 981
52 550
31 339
495 390
597 931
234 508
826 216
593 179
65 634
561 861
944 163
232 213
508 98
926 230
712 302
569 427
788 131
189 394
603 132
278 69
125 600
274 136
882 117
864 744
846 552
778 264
998 679
105 532
415 873
535 936
882 964
766 656
208 682
584 981
752 311
706 809
80 628
173 713
429 607
212 401
626 149
102 552
361 724
147 550
477 883
687 928
959 655
106 527
839 165
143 594
478 327
260 926
265 992
140 244
362 292
179 870
588 762
165 775
205 986
204 755
173 380
947 365
861 143
295 809
611 952
478 609
960 224
927 292
639 110
400 823
112 481
149 868
496 896
426 827
779 757
139 146
231 1000
901 810
349 381
84 766
840 372
201 318
534 488
607 738
21 11
206 9
867 881
923 675
581 963
563 584
865 18
997 368
932 691
846 473
66 50
812 153
724 573
723 332
341 671
949 976
849 164
794 559
29 818
584 87
87 124
169 663
422 707
404 330
25 923
68 313
358 561
608 316
755 191
539 890
457 893
467 839
379 147
604 936
898 803
939 85
794 880
104 154
178 641
426 756
471 592
735 487
935 225
63 314
446 438
268 914
621 508
234 916
570 586
938 22
612 38
579 792
563 447
342 854
809 771
94 279
351 140
992 176
32 164
86 363
415 611
951 962
199 857
297 209
689 727
796 813
585 518
849 905
739 269
689 544
374 368
178 39
896 838
917 560
75 949
420 921
540 345
634 428
173 352
141 258
610 405
518 726
131 884
704 82
758 773
266 812
374 530
70 379
130 399
258 401
296 708
25 394
82 173
410 340
653 312
175 724
591 249
509 170
992 76
171 609
228 534
521 827
171 766
304 571
214 560
456 232
871 857
543 511
234 421
704 456
932 550
220 752
298 646
214 274
181 203
848 312
542 204
546 19
216 690
512 111
930 178
755 960
320 656
248 751
765 270
414 978
608 439
220 901
431 373
535 867
592 91
668 115
886 605
484 737
32 482
929 852
455 32
4 904
117 513
118 378
288 203
623 487
75 21
937 178
496 46
468 972
942 684
999 901
79 667
982 556
969 323
786 379
292 496
928 704
102 411
467 316
305 891
418 570
488 215
760 423
983 727
140 19
549 185
311 218
97 106
794 48
943 913
33 962
196 266
639 38
362 30
954 442
992 249
148 865
685 186
742 309
233 267
288 964
923 948
943 215
708 380
102 39
270 819
474 662
168 521
932 715
47 711
310 163
63 809
51 817
965 397
489 348
91 48
910 579
717 476
609 691
992 293
422 696
439 634
760 833
727 135
706 732
968 782
592 650
636 323
105 285
648 539
564 407
412 132
686 661
553 898
704 447
243 568
224 544
30 766
490 823
255 629
883 235
40 634
740 455
118 471
725 373
288 120
849 792
810 21
226 579
450 644
141 538
680 364
493 738
331 139
226 959
585 764
912 604
1 787
398 783
674 870
259 455
633 744
10 963
657 168
178 810
592 387
425 892
653 956
639 279
179 781
165 866
439 327
39 777
5 905
598 536
356 915
201 86
18 516
918 403
463 498
395 882
128 599
145 655
475 384
633 36
301 4
729 633
510 138
457 798
96 74
59 62
315 424
629 833
991 878
116 180
353 718
582 441
305 291
641 393
626 713
614 110
836 60
181 353
517 647
202 780
924 655
798 240
98 693
310 830
527 731
376 614
594 284
560 404
523 280
928 424
690 779
480 35
574 498
971 458
980 380
621 273
284 419
748 760
53 234
271 167
557 586
711 405
809 661
865 807
152 580
905 138
48 949
645 72
668 255
49 873
156 907
28 866
363 329
291 692
365 507
156 826
213 839
783 335
770 570
312 616
791 848
601 422
382 977
152 943
884 563
23 59
173 490
671 639
537 639
79 960
547 929
979 206
22 256
981 420
909 135
297 823
399 969
914 543
74 192
443 29
300 898
102 306
893 541
756 33
695 12
137 811
135 848
600 311
585 165
586 246
918 153
813 461
368 493
448 595
430 999
785 564
487 524
954 229
862 554
382 724
48 826
591 153
632 102
506 74
427 956
580 142
301 923
547 991
604 20
822 71
551 575
230 967
59 781
851 437
929 259
159 402
417 87
752 133
404 331
447 151
584 423
967 604
725 74
700 32
821 55
234 755
755 384
114 413
665 603
760 599
484 895
440 253
722 751
637 467
252 354
248 821
431 254
563 446
18 121
644 197
402 216
852 928
339 719
360 594
700 748
677 598
832 476
960 257
965 528
304 692
708 465
18 682
58 911
350 367
61 264
279 177
62 547
253 608
52 433
265 876
19 861
173 240
782 570
41 518
872 868
489 180
571 146
6 54
721 513
421 883
405 94
79 363
786 753
858 682
673 65
497 626
686 304
194 562
595 886
153 271
462 259
375 998
357 87
929 446
437 207
668 861
676 556
935 465
741 2
815 783
473 260
546 955
811 220
99 734
784 876
682 835
475 707
96 668
1000 418
488 342
935 132
973 465
119 33
89 246
622 968
784 295
773 74
904 183
781 623
271 445
973 563
723 736
562 542
912 625
786 86
678 72
131 151
800 198
273 186
600 196
810 483
792 874
210 535
950 717
32 943
879 217
378 656
933 328
718 758
866 957
206 394
885 2
898 96
737 968
974 911
37 481
852 495
214 768
16 145
474 629
954 443
48 182
832 787
818 253
8 367
681 530
828 711
98 996
889 983
746 968
802 998
287 882
111 862
994 8
684 262
225 495
10 213
766 158
327 982
479 555
894 290
185 186
391 133
157 164
741 963
343 153
59 590
413 459
894 540
137 187
627 387
226 632
198 754
807 12
534 844
152 762
624 538
142 981
293 279
424 730
721 356
333 534
136 174
9 928
554 396
368 439
139 974
322 344
160 419
237 331
442 789
759 202
796 112
725 86
302 505
250 54
378 99
929 593
807 885
112 59
534 21
648 39
489 136
52 663
878 543
249 468
256 916
443 786
463 223
735 939
614 592
335 401
84 919
870 953
352 144
853 581
88 449
56 436
576 86
98 678
282 289
605 874
486 1
345 947
339 334
645 858
942 244
432 77
126 123
326 617
862 591
810 938
262 257
64 536
266 204
249 524
37 891
846 451
243 42
334 151
484 256
784 400
435 927
864 174
771 682
495 384
282 999
820 585
682 598
149 371
850 800
959 390
440 388
816 190
973 183
901 426
890 759
82 984
212 991
769 552
55 783
920 684
190 50
178 618
17 680
385 848
5 391
43 860
391 791
696 2
234 961
199 81
368 467
166 154
153 280
117 760
102 795
355 175
47 237
51 230
753 960
860 956
661 829
938 850
631 995
479 374
505 143
363 217
741 380
348 595
477 881
615 559
248 615
288 466
71 313
938 628
705 135
943 133
583 162
253 603
549 30
736 635
199 661
735 871
957 228
939 866
465 555
493 542
785 376
454 365
121 170
601 442
822 536
399 889
720 958
959 383
597 612
396 317
742 498
85 981
361 405
419 373
202 591
25 206
297 849
542 933
779 469
376 822
672 867
83 261
896 343
70 40
589 502
827 449
684 462
334 243
962 552
836 17
323 126
968 105
72 446
759 955
82 267
634 812
677 996
362 555
46 769
964 268
214 359
21 717
918 693
873 846
11 491
530 537
488 492
363 744
470 76
43 922
725 714
962 236
502 733
674 792
323 442
759 761
143 79
790 926
989 913
961 300
735 374
296 477
973 445
61 835
905 165
504 672
703 357
356 528
918 501
398 853
327 145
244 721
759 178
834 359
193 149
88 125
530 108
89 292
476 508
904 841
503 737
74 3
403 799
44 687
226 326
62 544
157 968
377 210
144 221
828 111
520 776
832 106
464 71
233 499
326 772
171 837
559 350
452 954
451 519
115 864
775 726
46 502
927 427
715 965
609 90
102 57
904 328
400 967
290 175
509 25
205 524
718 198
538 872
137 689
655 816
858 461
368 881
276 204
99 995
225 684
462 691
923 943
484 175
821 360
793 463
501 812
726 447
621 555
802 391
234 581
553 795
238 5
365 1
437 660
212 928
319 972
731 388
364 683
404 857
977 772
996 32
263 757
274 29
204 147
744 936
364 841
666 879
578 51
635 78
856 657
393 437
344 421
459 948
905 338
670 594
182 884
713 188
518 550
932 279
529 511
975 436
718 981
57 738
961 884
529 392
714 132
986 673
524 645
163 359
738 241
255 936
813 737
540 447
155 508
306 357
555 950
438 814
884 778
741 911
98 643
462 160
136 956
396 901
250 582
657 270
719 120
277 213
560 991
558 62
743 70
926 602
234 82
995 93
219 810
332 715
941 95
304 108
362 830
20 792
334 184
689 415
29 726
780 818
430 655
73 690
437 177
936 752
279 894
195 99
380 957
793 314
208 246
261 372
392 509
357 475
837 577
587 818
159 597
362 611
272 775
937 839
618 15
332 143
850 716
100 435
67 202
786 612
750 461
237 774
418 416
61 568
741 182
890 720
217 874
534 845
976 9
668 503
191 314
605 940
218 324
954 560
262 531
452 731
402 142
811 374
264 243
873 689
823 811
921 823
667 343
502 86
305 554
782 4
161 974
795 139
248 588
620 412
476 420
407 950
304 637
467 155
250 265
13 91
236 292
476 347
487 117
611 897
192 305
278 931
561 261
317 647
563 851
966 380
605 212
257 228
59 48
847 11
427 692
616 967
475 160
684 340
810 939
336 746
945 896
46 974
489 28
417 367
419 297
93 642
519 426
888 182
651 242
855 370
552 653
976 937
3 914
390 245
673 911
216 846
922 894
324 377
698 505
971 750
698 42
20 18
57 503
150 661
428 463
67 25
103 719
217 676
420 504
258 778
925 130
216 620
177 986
108 970
694 833
789 691
970 295
3 232
360 203
33 251
534 873
276 892
167 336
890 615
212 591
859 416
678 804
700 996
916 665
792 487
99 503
288 134
252 719
473 517
165 192
65 84
194 368
969 942
820 881
740 731
703 465
66 950
144 980
256 222
515 743
992 648
919 153
832 353
54 515
500 407
504 208
710 262
568 283
342 666
770 939
678 224
296 62
16 429
344 810
52 539
326 142
649 591
118 876
106 812
623 989
148 585
775 507
469 879
55 234
844 813
337 385
338 90
157 694
49 21
639 922
366 735
993 222
866 580
523 441
417 677
718 376
991 844
524 145
673 585
837 342
766 68
107 569
940 97
392 599
300 448
375 540
413 255
641 4
474 511
898 621
955 356
519 31
997 993
923 962
907 505
871 520
910 936
432 807
660 151
38 551
799 64
976 804
661 539
483 500
928 583
214 356
74 795
928 129
466 653
694 813
474 128
699 601
765 728
413 291
342 139
569 53
523 484
229 523
327 114
576 646
630 585
151 960
434 403
602 422
677 392
19 306
443 526
441 518
284 214
592 303
723 695
133 471
616 421
710 467
692 890
535 284
459 745
320 17
271 103
754 670
466 342
339 924
890 504
435 497
58 636
903 638
207 157
697 887
921 299
153 209
575 882
101 523
926 564
638 482
120 163
954 421
202 654
266 931
783 918
309 591
538 87
797 938
287 17
182 102
129 106
354 987
671 71
896 308
225 383
555 521
654 819
138 91
214 422
239 81
132 637
902 324
567 279
807 260
204 351
461 328
774 228
640 87
15 337
50 798
594 80
375 183
801 68
506 706
488 457
109 487
811 111
85 270
30 641
677 586
901 114
833 867
506 420
289 394
74 608
886 963
298 360
363 211
41 394
994 288
888 803
857 104
588 968
293 36
187 545
692 862
217 378
95 377
79 868
961 843
87 901
145 390
629 310
297 323
481 46
283 272
620 95
793 675
723 798
865 223
975 585
538 137
597 405
396 375
328 133
165 574
131 738
758 919
851 51
103 230
414 343
31 543
280 855
49 174
693 717
175 858
239 151
405 225
993 992
779 946
290 402
242 955
480 524
780 529
802 57
930 98
417 29
766 550
567 602
756 688
635 545
601 753
432 638
509 608
544 607
7 561
982 161
730 902
513 852
716 373
303 715
687 596
1000 384
142 987
881 387
990 767
812 567
929 885
833 209
822 898
624 762
17 492
471 891
546 778
576 637
808 930
150 106
777 838
165 13
717 720
226 45
47 41
487 150
164 331
917 915
576 795
265 968
303 768
362 460
685 113
60 27
827 799
151 460
598 108
671 533
925 805
804 394
274 921
719 313
904 608
376 463
528 444
785 291
128 554
165 359
737 944
407 516
504 115
716 542
297 702
628 372
594 836
171 541
500 999
641 285
839 662
484 486
1 254
275 523
168 601
103 411
395 418
223 854
901 456
301 948
380 851
533 249
826 117
464 222
409 627
854 591
357 109
716 548
163 956
994 834
497 794
171 473
724 763
985 573
384 814
683 322
846 786
578 692
856 782
693 229
460 847
223 298
371 607
364 780
925 50
747 968
507 47
659 154
939 250
949 657
564 229
551 41
89 771
649 33
314 213
656 73
762 651
541 356
948 154
679 474
312 306
938 848
939 553
395 727
88 99
269 441
922 748
226 49
227 35
47 461
472 369
454 65
184 549
518 761
234 988
979 354
597 927
179 874
733 303
18 724
967 437
840 523
866 867
226 386
714 447
182 377
24 583
975 52
558 4
157 693
728 751
713 153
750 876
16 219
771 861
132 981
703 319
54 899
140 820
590 772
104 691
249 558
214 552
430 597
576 533
261 425
394 10
505 773
215 182
346 259
936 713
77 177
910 61
101 59
148 233
674 453
656 568
162 145
702 527
919 427
435 95
646 257
712 255
786 538
915 834
61 526
637 187
86 931
313 261
228 400
90 465
366 258
829 634
852 717
617 448
545 35
764 401
441 175
203 163
817 225
223 44
960 614
243 866
155 260
564 104
527 100
403 722
725 839
207 600
65 55
799 868
411 47
895 975
588 933
972 324
442 715
65 416
710 464
308 588
170 621
954 970
282 163
748 646
841 400
288 496
416 549
630 10
723 916
191 902
123 564
474 890
715 264
222 808
927 375
949 874
165 648
911 551
602 914
351 733
154 187
436 851
189 55
818 226
33 826
163 957
550 565
991 909
940 657
334 384
250 659
604 294
605 27
917 125
342 685
963 449
158 893
681 580
489 475
537 5
59 857
928 646
686 102
461 246
555 281
854 631
142 741
932 945
167 932
406 11
181 120
254 646
497 179
5 170
522 4
199 356
238 250
864 549
80 244
632 577
560 302
370 122
263 759
411 475
161 341
713 768
74 542
455 143
901 113
5 76
616 85
834 52
906 409
907 928
568 152
496 211
706 122
725 462
356 423
263 917
914 15
598 187
633 615
169 631
588 969
735 10
810 351
888 915
761 395
382 135
532 640
2 407
187 657
773 762
478 368
982 544
714 130
844 513
481 45
446 893
451 661
269 796
770 771
240 660
663 76
244 836
995 516
67 965
179 979
345 342
372 32
102 249
316 692
413 610
839 540
153 206
130 132
45 23
317 722
799 178
430 947
21 222
900 823
176 89
660 507
258 659
133 517
707 928
409 95
530 923
417 577
756 403
101 226
29 837
160 540
850 827
837 591
362 609
219 488
129 896
510 132
168 954
698 374
310 624
498 240
831 54
636 462
983 347
934 261
203 781
76 21
612 423
814 101
851 829
801 208
108 646
143 385
512 994
220 788
459 116
665 897
905 146
355 39
892 262
307 136
454 809
593 679
939 447
152 923
653 581
105 861
274 466
697 754
118 100
339 302
16 308
53 711
791 953
706 659
725 181
857 869
70 10
718 678
40 73
630 114
922 939
939 891
889 436
121 34
675 721
857 662
343 935
914 567
535 538
406 251
779 639
34 317
710 85
879 966
456 360
455 874
961 140
957 740
941 159
136 858
836 907
767 157
947 847
760 165
742 469
103 261
789 140
805 277
546 403
802 777
237 676
236 889
76 742
223 849
997 890
708 483
506 839
159 277
599 724
285 479
587 835
772 983
848 373
242 988
545 331
693 371
911 300
55 618
100 81
104 20
734 784
246 606
564 375
124 190
566 269
365 68
38 874
664 261
805 486
636 65
240 306
222 358
181 707
19 280
645 180
77 562
672 254
398 892
937 142
188 272
406 347
977 765
227 338
412 680
606 298
164 281
203 373
611 112
403 917
335 336
842 138
80 663
174 961
620 17
437 872
987 830
698 711
145 333
255 62
736 493
221 107
442 360
83 118
895 782
681 333
168 280
712 725
922 821
396 312
469 990
914 829
228 673
875 784
931 2
491 523
901 934
576 339
927 214
909 583
37 796
497 987
261 424
420 29
806 892
863 869
738 874
560 86
389 372
60 100
160 580
971 652
879 15
439 702
779 990
321 503
459 321
846 879
134 347
713 666
109 257
555 235
481 890
775 486
247 407
588 369
865 988
939 217
356 317
14 223
180 195
705 311
208 764
635 167
193 72
86 253
652 282
843 914
56 320
810 233
799 871
381 433
550 31
199 967
94 171
356 738
994 124
98 41
904 844
101 966
178 81
253 651
625 312
559 5
799 554
726 542
782 796
586 421
681 399
282 66
107 383
201 18
93 4
493 77
205 544
537 377
165 536
519 697
372 124
499 346
991 797
6 935
176 958
310 41
849 473
318 612
444 679
428 220
362 872
43 985
590 912
849 362
189 777
916 312
724 606
229 24
635 771
270 634
806 664
635 662
689 338
450 326
927 1000
769 474
642 584
989 703
223 591
246 996
543 280
301 669
730 817
401 539
39 105
132 413
406 852
800 687
69 998
983 438
443 163
38 803
371 534
178 606
790 413
713 775
204 142
673 497
657 532
269 454
663 154
678 866
181 650
679 191
368 399
166 86
792 545
579 978
61 868
321 31
284 133
985 48
471 849
349 378
166 161
773 967
740 270
222 760
433 598
929 585
252 608
493 650
550 198
801 631
36 772
539 167
901 152
65 316
340 114
947 138
438 515
830 629
466 312
733 278
843 506
899 444
107 782
23 292
920 628
525 42
527 684
609 153
872 821
814 56
763 656
177 21
395 218
434 700
930 632
718 404
598 64
7 329
785 615
703 374
22 270
889 987
694 268
306 725
132 829
3 591
436 564
413 820
146 913
128 140
113 578
629 906
704 639
64 990
138 125
56 990
552 547
419 620
955 430
833 762
779 111
243 34
366 110
294 507
722 510
872 431
158 282
22 564
368 638
954 733
818 658
812 275
427 311
191 214
251 939
215 716
518 453
730 55
825 217
735 314
42 21
95 237
805 488
155 350
14 151
697 279
97 739
375 296
450 641
179 453
606 444
643 434
991 509
511 824
338 670
943 399
212 379
910 252
416 640
757 929
795 140
944 834
28 277
972 420
749 317
930 889
697 610
594 766
181 174
134 905
66 627
676 488
144 137
164 196
814 378
337 77
766 659
533 722
662 830
350 437
11 712
533 579
936 147
735 557
582 581
962 911
62 985
837 93
519 831
552 451
572 926
283 364
667 946
83 187
283 909
196 506
270 865
699 5
704 445
813 117
710 647
56 668
435 999
958 669
813 134
285 301
927 130
451 93
824 673
954 44
58 217
613 297
711 844
8 637
125 880
111 205
574 559
850 687
990 206
802 458
329 944
551 197
688 301
267 682
566 258
401 380
529 37
318 203
809 210
284 47
859 421
381 697
402 94
976 391
763 65
327 666
363 447
442 834
423 517
65 41
193 28
411 69
673 298
621 52
235 889
17 462
117 373
817 549
302 281
527 800
777 841
456 969
143 555
672 477
969 653
808 269
949 959
683 703
870 639
231 179
550 301
164 248
865 349
259 196
98 356
836 714
139 426
250 411
508 651
218 957
611 958
980 233
31 249
178 287
179 522
951 440
79 237
407 554
766 361
839 743
805 595
976 731
684 676
520 733
685 253
671 958
672 776
432 109
729 713
162 346
440 616
2 819
278 684
603 653
395 448
489 509
291 307
220 379
594 72
99 890
976 508
957 858
64 919
102 883
765 145
860 139
681 776
793 326
355 597
618 469
560 728
937 883
632 329
726 407
581 624
548 591
882 177
557 391
410 976
638 754
252 409
513 865
864 539
170 132
322 75
159 844
281 772
220 814
460 253
541 36
869 663
657 559
14 220
21 796
482 500
728 452
886 898
243 700
717 948
354 186
949 711
657 841
304 730
984 140
914 203
645 329
516 746
908 941
112 214
700 463
4 863
301 233
45 766
121 104
946 75
515 994
997 715
799 442
917 683
978 331
960 194
724 155
477 461
232 697
162 668
446 722
525 487
134 716
197 886
418 869
310 447
684 648
352 225
172 436
284 798
68 229
806 959
81 886
192 782
140 681
245 572
864 251
703 658
832 601
582 533
305 511
8 934
31 401
944 146
564 667
394 191
324 700
873 454
78 327
321 466
907 375
894 741
471 300
792 149
846 840
815 763
467 873
30 373
839 67
578 365
928 324
177 880
958 96
482 297
892 252
235 547
164 749
682 110
296 445
811 270
853 135
835 388
798 536
947 894
566 532
526 134
840 905
178 784
234 446
367 83
899 880
961 223
825 67
801 630
485 997
151 610
643 375
39 914
610 223
84 9
658 808
515 945
787 564
848 710
886 386
689 582
999 865
358 840
196 594
412 951
396 12
73 233
495 582
116 265
652 221
12 124
838 176
16 7
514 282
534 217
19 892
797 873
447 54
872 837
444 614
115 241
222 695
538 732
547 188
305 313
713 132
732 96
381 14
201 504
438 511
250 919
129 228
96 369
974 76
137 721
323 58
974 511
814 612
485 274
512 466
452 493
475 772
497 204
824 964
345 304
473 363
950 279
698 372
369 394
778 396
941 944
138 815
748 658
929 40
363 692
274 159
242 42
886 512
9 90
185 377
630 517
62 209
389 783
986 845
159 917
532 465
271 367
496 241
852 630
763 21
412 471
633 896
914 113
761 187
402 865
8 252
283 34
711 98
126 710
844 321
38 264
107 247
507 561
37 192
554 826
796 288
204 631
265 973
213 911
828 188
723 846
600 3
304 448
361 753
913 858
944 877
843 409
530 613
480 129
709 496
366 749
735 556
944 655
713 70
642 90
737 88
576 474
687 446
9 15
512 626
396 741
469 937
201 267
504 340
515 184
90 533
328 898
457 610
958 642
303 543
85 798
391 819
766 191
513 201
458 928
590 969
393 859
794 97
656 735
877 611
72 278
717 506
20 551
261 340
239 413
247 367
275 893
693 369
234 630
586 739
219 502
495 365
261 229
746 493
485 391
752 866
34 801
329 951
163 671
347 426
955 683
740 131
858 82
215 723
41 106
132 229
690 427
578 341
63 271
655 203
363 545
90 363
354 264
863 340
369 144
616 75
65 191
691 671
194 477
929 790
532 501
338 27
447 263
833 178
652 722
445 76
272 336
193 804
711 177
770 645
181 626
823 39
354 6
621 196
643 318
644 13
94 92
222 17
867 220
419 251
74 488
130 262
520 130
424 247
361 429
46 146
178 58
514 416
932 151
802 1000
574 420
758 129
562 404
358 148
850 411
338 199
737 218
943 998
966 461
342 871
371 309
957 518
63 683
689 872
576 344
215 508
901 787
352 198
372 137
121 399
874 55
313 512
552 335
629 815
466 848
43 428
374 841
859 806
237 646
533 169
262 757
239 200
755 775
546 292
788 473
778 147
708 80
34 99
272 820
380 80
608 307
260 368
356 217
546 121
985 782
592 999
358 312
39 468
372 867
32 366
821 162
402 48
789 580
95 845
489 858
203 164
777 405
9 995
782 166
195 520
201 587
644 195
645 150
574 4
400 319
952 892
751 628
810 358
139 666
136 280
148 932
991 458
813 982
652 468
304 682
438 549
98 406
316 449
500 358
486 785
412 940
306 235
404 620
791 80
334 741
528 360
18 582
995 634
267 365
662 86
165 518
576 403
264 722
923 535
266 830
504 285
729 804
224 470
881 893
435 945
220 425
771 971
426 568
592 673
629 948
613 287
353 633
500 760
584 235
860 360
812 11
429 889
962 440
881 552
413 10
669 291
1000 138
764 867
161 81
930 205
716 766
38 982
864 585
668 633
9 172
545 482
929 3
603 84
808 876
840 709
740 1000
65 837
686 865
691 569
986 199
255 606
919 537
928 180
69 774
376 709
24 231
159 944
496 214
204 799
761 686
777 433
27 318
709 822
417 815
235 691
222 463
369 809
957 168
563 273
506 130
550 57
700 654
541 474
320 194
731 416
127 199
532 643
572 432
754 559
113 445
297 310
688 897
429 817
840 872
325 224
770 879
183 710
184 736
115 692
477 37
779 967
248 275
728 29
502 408
168 790
292 78
993 463
995 521
870 919
347 240
49 375
837 214
585 773
239 588
168 323
187 481
979 125
706 991
274 978
676 59
969 55
385 765
746 931
880 549
235 931
300 102
414 490
510 371
609 849
276 399
101 158
138 927
270 677
327 972
592 611
827 268
149 232
208 348
975 700
727 303
986 359
125 249
881 635
272 749
655 931
146 689
552 948
820 188
318 499
835 39
798 953
216 661
747 851
713 711
200 494
441 710
234 821
33 899
311 911
555 53
42 384
423 829
37 540
1000 388
215 703
455 108
96 813
61 789
173 827
356 503
873 555
775 802
323 668
369 836
96 924
584 929
658 472
515 609
174 718
529 333
515 654
771 280
353 882
717 716
477 871
849 953
345 69
577 458
939 751
225 354
416 608
861 818
722 864
444 182
232 980
84 925
380 685
875 122
415 471
736 452
239 755
649 679
210 791
980 215
395 875
782 581
344 625
537 646
184 986
666 34
922 72
357 981
245 586
534 85
257 255
180 508
850 214
780 843
335 802
908 442
168 605
97 361
25 244
776 796
339 404
70 721
949 595
966 531
860 50
383 999
975 739
835 589
963 299
608 202
223 739
872 751
449 546
565 660
363 996
115 411
632 303
778 79
670 49
589 191
667 731
370 119
405 596
229 816
390 102
509 512
639 926
952 404
626 23
759 273
100 178
548 334
702 762
502 952
282 518
744 997
711 291
422 234
475 74
933 606
854 233
566 733
697 674
826 774
60 358
349 941
388 317
36 765
198 156
239 960
442 674
353 325
840 849
179 193
456 602
737 703
676 717
667 84
779 958
448 238
875 201
182 595
611 851
922 906
634 400
982 990
803 280
718 560
995 577
374 526
417 691
680 231
177 83
964 153
521 950
187 134
685 251
957 630
512 607
486 182
824 865
91 290
1 222
958 103
906 843
614 945
784 355
552 411
55 308
276 165
662 61
361 185
876 776
401 786
975 997
958 526
103 665
839 837
842 795
293 917
646 124
332 893
704 808
742 816
326 152
